[assetdb/bunit]
version = 8.2.2
modtime = 1632630180.551157000

[savedsearches/assetdb-lookupgen]
version = 8.2.2
modtime = 1632630203.837815000

[assetdb/city]
version = 8.2.2
modtime = 1632630192.954821000

[assetdb/country]
version = 8.2.2
modtime = 1632630203.789458000
