[app/ui]
version = 8.1.2
modtime = 1613343869.016185000

[app/launcher]
version = 8.1.2
modtime = 1613343869.017681000

[views/configure]
owner = admin
version = 8.1.2
modtime = 1614471917.599945000

[transforms/asset_db]
version = 8.1.2
modtime = 1613606732.775039000
