[assetdb/mac]
version = 8.2.2.1
modtime = 1632932679.708232000

[savedsearches/assetdb-lookupgen]
version = 8.2.2.1
modtime = 1632936322.640331000

[assetdb/nt_host]
version = 8.2.2.1
modtime = 1632932702.687340000

[assetdb/general]
version = 8.2.2.1
modtime = 1632936322.580562000
