[assetdb/general]
version = 8.2.2
modtime = 1632787620.994346000

[savedsearches/assetdb-lookupgen]
version = 8.2.2
modtime = 1632787621.230126000
